[gd_scene load_steps=3 format=3 uid="uid://c770qyai8jhdq"]

[sub_resource type="QuadMesh" id="QuadMesh_7akh8"]
resource_local_to_scene = true
size = Vector2(3, 2)

[sub_resource type="QuadMesh" id="QuadMesh_7lau7"]
size = Vector2(3, 1)

[node name="Console" type="Node3D"]

[node name="CSGMesh3D" type="CSGMesh3D" parent="."]
transform = Transform3D(1, 0, 0, 0, -4.37114e-08, 1, 0, -1, -4.37114e-08, -2, -2, -4)
mesh = SubResource("QuadMesh_7akh8")

[node name="CSGMesh3D2" type="CSGMesh3D" parent="."]
transform = Transform3D(1, 0, 0, 0, 0.422618, 0.906308, 0, -0.906308, 0.422618, 2, -1.5, -4)
mesh = SubResource("QuadMesh_7akh8")

[node name="CSGMesh3D3" type="CSGMesh3D" parent="."]
transform = Transform3D(1, 0, 0, 0, 1, 0, 0, 0, 1, -2.02459, -1.5, -5)
mesh = SubResource("QuadMesh_7lau7")

[node name="CSGMesh3D4" type="CSGMesh3D" parent="."]
transform = Transform3D(0.906308, -0.383022, 0.178606, 0, 0.422618, 0.906308, -0.422618, -0.821394, 0.383022, -5.02459, -1.5, -3.2)
mesh = SubResource("QuadMesh_7akh8")

[node name="CSGMesh3D6" type="CSGMesh3D" parent="."]
transform = Transform3D(0.866025, 0.453154, -0.211309, 0, 0.422618, 0.906308, 0.5, -0.784886, 0.365998, 5, -1.5, -3.2)
mesh = SubResource("QuadMesh_7akh8")

[node name="CSGMesh3D7" type="CSGMesh3D" parent="."]
transform = Transform3D(-4.37114e-08, 0, 1, 0.422618, 0.906308, 1.84732e-08, -0.906308, 0.422618, -3.9616e-08, -3.52459, -1.9, -4.1)
mesh = SubResource("QuadMesh_7lau7")
