[gd_scene load_steps=14 format=3 uid="uid://bcs17a4kflpae"]

[ext_resource type="PackedScene" uid="uid://deoqenkjkbrit" path="res://Scenes/Player/player.tscn" id="1_2w8ir"]
[ext_resource type="Script" path="res://Scenes/game.gd" id="1_xybtt"]
[ext_resource type="PackedScene" uid="uid://dupcuybhbdxii" path="res://Scenes/Panels/Panel T1/panel_1.tscn" id="2_4udp5"]
[ext_resource type="PackedScene" uid="uid://bcqn1sjuldwm" path="res://Scenes/Panels/Panel T2/panel_2.tscn" id="3_obg2p"]
[ext_resource type="PackedScene" uid="uid://cm1b0io6v1ino" path="res://interactive_button.tscn" id="4_536go"]
[ext_resource type="AudioStream" uid="uid://djxjyq2b5ifte" path="res://Sound/wip 3 no ending cropped.wav" id="6_am7dv"]

[sub_resource type="CylinderMesh" id="CylinderMesh_wi0oe"]

[sub_resource type="SphereMesh" id="SphereMesh_a7d6c"]

[sub_resource type="BoxMesh" id="BoxMesh_7ssmf"]

[sub_resource type="Animation" id="Animation_4ryi6"]
resource_name = "Animate_panel_T1"
loop_mode = 2

[sub_resource type="Animation" id="Animation_qhgsx"]
length = 0.001

[sub_resource type="Animation" id="Animation_72r7u"]
resource_name = "new_animation"
tracks/0/type = "bezier"
tracks/0/imported = false
tracks/0/enabled = true
tracks/0/path = NodePath(".:position:x")
tracks/0/interp = 1
tracks/0/loop_wrap = true
tracks/0/keys = {
"handle_modes": PackedInt32Array(0, 0),
"points": PackedFloat32Array(-0.755469, -0.25, 0, 0.25, 0, -1.02543, -0.25, 0, 0.25, 0),
"times": PackedFloat32Array(0, 1)
}
tracks/1/type = "bezier"
tracks/1/imported = false
tracks/1/enabled = true
tracks/1/path = NodePath(".:position:y")
tracks/1/interp = 1
tracks/1/loop_wrap = true
tracks/1/keys = {
"handle_modes": PackedInt32Array(0, 0),
"points": PackedFloat32Array(0, -0.25, 0, 0.25, 0, -0.448475, -0.25, 0, 0.25, 0),
"times": PackedFloat32Array(0, 1)
}
tracks/2/type = "bezier"
tracks/2/imported = false
tracks/2/enabled = true
tracks/2/path = NodePath(".:position:z")
tracks/2/interp = 1
tracks/2/loop_wrap = true
tracks/2/keys = {
"handle_modes": PackedInt32Array(0, 0),
"points": PackedFloat32Array(-1.62817, -0.25, 0, 0.25, 0, -0.813447, -0.25, 0, 0.25, 0),
"times": PackedFloat32Array(0, 1)
}
tracks/3/type = "bezier"
tracks/3/imported = false
tracks/3/enabled = true
tracks/3/path = NodePath(".:rotation:x")
tracks/3/interp = 1
tracks/3/loop_wrap = true
tracks/3/keys = {
"handle_modes": PackedInt32Array(0, 0),
"points": PackedFloat32Array(0, -0.25, 0, 0.25, 0, -0.476475, -0.25, 0, 0.25, 0),
"times": PackedFloat32Array(0, 1)
}
tracks/4/type = "bezier"
tracks/4/imported = false
tracks/4/enabled = true
tracks/4/path = NodePath(".:rotation:y")
tracks/4/interp = 1
tracks/4/loop_wrap = true
tracks/4/keys = {
"handle_modes": PackedInt32Array(0, 0),
"points": PackedFloat32Array(0.493335, -0.25, 0, 0.25, 0, 0.949459, -0.25, 0, 0.25, 0),
"times": PackedFloat32Array(0, 1)
}
tracks/5/type = "bezier"
tracks/5/imported = false
tracks/5/enabled = true
tracks/5/path = NodePath(".:rotation:z")
tracks/5/interp = 1
tracks/5/loop_wrap = true
tracks/5/keys = {
"handle_modes": PackedInt32Array(0, 0),
"points": PackedFloat32Array(0, -0.25, 0, 0.25, 0, 0, -0.25, 0, 0.25, 0),
"times": PackedFloat32Array(0, 1)
}

[sub_resource type="AnimationLibrary" id="AnimationLibrary_25d7y"]
_data = {
"Animate_panel_T1": SubResource("Animation_4ryi6"),
"RESET": SubResource("Animation_qhgsx"),
"new_animation": SubResource("Animation_72r7u")
}

[node name="Game" type="Node3D"]
script = ExtResource("1_xybtt")

[node name="Player" parent="." instance=ExtResource("1_2w8ir")]

[node name="MeshInstance3D3" type="MeshInstance3D" parent="."]
transform = Transform3D(-0.495993, -0.777344, -0.386945, 0.317972, -0.577266, 0.752102, -0.808013, 0.25, 0.533494, 0.0695107, -1.55919, -2.86058)
mesh = SubResource("CylinderMesh_wi0oe")
skeleton = NodePath("../MeshInstance3D")

[node name="MeshInstance3D2" type="MeshInstance3D" parent="."]
transform = Transform3D(0.129487, -0.808013, 0.574759, 0.574759, 0.533494, 0.620513, -0.808013, 0.25, 0.533494, 1.23135, -0.148794, -3.25541)
mesh = SubResource("SphereMesh_a7d6c")
skeleton = NodePath("../MeshInstance3D")

[node name="MeshInstance3D" type="MeshInstance3D" parent="."]
transform = Transform3D(0.214124, -0.368237, 0.904739, 0.433013, 0.866025, 0.25, -0.875586, 0.338232, 0.344888, -1, -0.63539, -3)
mesh = SubResource("BoxMesh_7ssmf")

[node name="DirectionalLight3D" type="DirectionalLight3D" parent="."]
transform = Transform3D(0.849634, 0.0360825, -0.526136, 0.470907, 0.397232, 0.787689, 0.23742, -0.917009, 0.32051, 0, 0, 0)

[node name="Panel 1" parent="." instance=ExtResource("2_4udp5")]
transform = Transform3D(0.880758, 0, 0.473566, 0, 1, 0, -0.473566, 0, 0.880758, -0.755469, 0, -1.62817)

[node name="AnimationPlayer" type="AnimationPlayer" parent="Panel 1"]
libraries = {
"": SubResource("AnimationLibrary_25d7y")
}

[node name="Panel 2" parent="." instance=ExtResource("3_obg2p")]
transform = Transform3D(0.860324, 0, -0.509747, 0, 1, 0, 0.509747, 0, 0.860324, 0.834692, 0, -1.53641)

[node name="Interactive Button" parent="." instance=ExtResource("4_536go")]
transform = Transform3D(0.5, 0, 0.866025, 0, 1, 0, -0.866025, 0, 0.5, -1.29771, -0.577002, -0.391513)

[node name="Wip3NoEndingCropped" type="AudioStreamPlayer" parent="."]
stream = ExtResource("6_am7dv")
