[gd_scene load_steps=9 format=3 uid="uid://bcs17a4kflpae"]

[ext_resource type="PackedScene" uid="uid://deoqenkjkbrit" path="res://Scenes/Player/player.tscn" id="1_2w8ir"]
[ext_resource type="PackedScene" uid="uid://cn66ctg0in2ox" path="res://Assets/Models/AdScreen/JST_Prototype AdScreen.gltf" id="2_6wh14"]
[ext_resource type="PackedScene" uid="uid://cm1b0io6v1ino" path="res://interactive_button.tscn" id="4_536go"]
[ext_resource type="PackedScene" uid="uid://cuy3iisp0goct" path="res://Scenes/Panels/Console & Map/console_and_map.tscn" id="4_cfc6a"]
[ext_resource type="PackedScene" uid="uid://8htrreom0a65" path="res://Assets/Models/Ship/JST_Prototype ShipBackground.gltf" id="8_bmx4a"]

[sub_resource type="CylinderMesh" id="CylinderMesh_wi0oe"]

[sub_resource type="SphereMesh" id="SphereMesh_a7d6c"]

[sub_resource type="BoxMesh" id="BoxMesh_7ssmf"]

[node name="Game" type="Node3D"]

[node name="Player" parent="." instance=ExtResource("1_2w8ir")]

[node name="Up Anchor" parent="Player/Anchors" index="0"]
transform = Transform3D(1, 0, 0, 0, 1, 0, 0, 0, 1, 0.0103555, 0.8995, -9.3529)

[node name="Left Anchor" parent="Player/Anchors" index="1"]
transform = Transform3D(1, 0, 0, 0, 1, 0, 0, 0, 1, -2.15112, 0.532652, -3.5)

[node name="Down Anchor" parent="Player/Anchors" index="2"]
transform = Transform3D(1, 0, 0, 0, 1, 0, 0, 0, 1, 0, 0.00933254, -2.87806)

[node name="Right Anchor" parent="Player/Anchors" index="3"]
transform = Transform3D(4.99514, 0, 0, 0, 1, 0, 0, 0, -6.90267, 1.9026, 0.348823, -3.5)

[node name="MeshInstance3D3" type="MeshInstance3D" parent="."]
transform = Transform3D(-0.495993, -0.777344, -0.386945, 0.317972, -0.577266, 0.752102, -0.808013, 0.25, 0.533493, 0.0695107, -1.55919, -2.86058)
visible = false
mesh = SubResource("CylinderMesh_wi0oe")
skeleton = NodePath("../MeshInstance3D")

[node name="MeshInstance3D2" type="MeshInstance3D" parent="."]
transform = Transform3D(0.129487, -0.808013, 0.574759, 0.574759, 0.533494, 0.620513, -0.808013, 0.25, 0.533494, 5.25048, -3.7274, -6.2493)
visible = false
mesh = SubResource("SphereMesh_a7d6c")
skeleton = NodePath("../MeshInstance3D")

[node name="MeshInstance3D" type="MeshInstance3D" parent="."]
transform = Transform3D(0.214124, -0.368237, 0.904739, 0.433013, 0.866025, 0.25, -0.875586, 0.338232, 0.344888, -1, -0.63539, -3)
visible = false
mesh = SubResource("BoxMesh_7ssmf")

[node name="DirectionalLight3D" type="DirectionalLight3D" parent="."]
transform = Transform3D(0.849634, 0.0360825, -0.526136, 0.470907, 0.397232, 0.787689, 0.23742, -0.917009, 0.32051, 0, 0, 0)

[node name="Interactive Button" parent="." instance=ExtResource("4_536go")]
transform = Transform3D(0.5, 0, 0.866025, 0, 1, 0, -0.866025, 0, 0.5, -1.29771, -0.577002, -0.391513)

[node name="ScreenModels" type="Node" parent="."]

[node name="AdScreen" parent="ScreenModels" instance=ExtResource("2_6wh14")]
transform = Transform3D(-0.948964, 0, -0.315384, 0, 1, 0, 0.315384, 0, -0.948964, -0.860765, -0.203858, -1.5251)

[node name="Console and Map" type="Node" parent="ScreenModels"]

[node name="Console and Map2" parent="ScreenModels" instance=ExtResource("4_cfc6a")]
transform = Transform3D(1, 0, 0, 0, 1, 0, 0, 0, 1, 0, -0.8, -2.3)

[node name="ShipBackground" parent="." instance=ExtResource("8_bmx4a")]
transform = Transform3D(-3.0402e-07, 0, 5.10061, 0, 5.14956, 0, -5.10061, 0, -3.0402e-07, 0, -1.07617, -1.741)

[editable path="Player"]
